14
platform.off		0.05 500000 0.25 1   0.0 50.0 -100.0		0.0 0.0 0.0 1.0
platform.off		0.05 500000 0.25 1   0.0 100.0 -100.0	0.0 0.0 0.0 1.0
platform.off		0.05 500000 0.25 1   0.0 150.0 -100.0	0.0 0.0 0.0 1.0
arrow.off		0.05 500000 0.001 0   0.0 60.0 100.0	0.0 0.0 1.0 1.0
small.off		0.05 500000 0.001 0   0.0 60.0 100.0	0.0 0.0 1.0 1.0
box_tri.off		0.05 500000 0.001 0   50.0 120.0 -100.0	0.0 0.0 1.0 1.0
box_tri.off		0.05 500000 0.001 0   0.0 120.0 -100.0	0.0 0.0 1.0 1.0
box_tri.off		0.05 500000 0.001 0   -50.0 120.0 -100.0	0.0 0.0 1.0 1.0
box_tri.off		0.05 500000 0.001 0   50.0 70.0 -100.0	0.0 0.0 1.0 1.0
big.off			0.05 500000 0.001 1   0.0 75.0 -100.0	0.0 0.0 1.0 -1.0
box_tri.off		0.05 500000 0.001 0   -50.0 70.0 -100.0	0.0 0.0 1.0 1.0
box_tri.off		0.05 500000 0.001 0   50.0 20.0 -100.0	0.0 0.0 1.0 1.0
box_tri.off		0.05 500000 0.001 0   0.0 20.0 -100.0	0.0 0.0 1.0 1.0
box_tri.off		0.05 500000 0.001 0   -50.0 20.0 -100.0	0.0 0.0 1.0 1.0
